Ra = 0.5
La = 0.02
Ke = 1.25
Jm = 0.1